1.0	0.07341784696839745	0.3704650118286301	0.8342296988024235
2.0	0.01011356182582678	0.03976999990912454	0.7963466877480597
3.0	0.08344871474429952	0.31244855871874055	0.7883370958812531
4.0	0.0576537427958101	0.31591108392673267	0.8451796110390903
5.0	0.02928842474613337	0.2151847223948419	0.8798158978715825
6.0	0.05119195538014178	0.3720939885757741	0.8787258099585384
7.0	0.042301132770255254	0.19713374490877317	0.8227933462388117
8.0	0.042188008826226024	0.19729773944725362	0.8236199608534112
9.0	0.08209549652226267	0.35416595779595983	0.8110556401414836
10.0	0.02852622143458578	0.19633596071270445	0.8727772733384449
11.0	0.03167298420891165	0.1947222023433808	0.8596640962859329
12.0	0.03167298420891165	0.1947222023433808	0.8596640962859329
13.0	0.028589408535510282	0.24588593648013948	0.8957143408808977
14.0	0.0500663105035201	0.28959440250916135	0.8520020162479273
15.0	0.04861683346424254	0.15647157305692194	0.7621178762047959
16.0	0.07470875391922892	0.15524501651220432	0.6741423835119481
17.0	0.07539918103627864	0.3749901549825773	0.8323591222305095
18.0	0.07470875391922892	0.15524501651220432	0.6741423835119481
19.0	0.03553230434842408	0.3206512075600865	0.9000921561893335
20.0	0.05482470222562548	0.4710706349121516	0.8955889057105014
21.0	0.05171398331038657	0.3929406967518115	0.8834108268869203
22.0	0.05673256222531198	0.40319193661112795	0.8763030517708299
23.0	0.05673256222531198	0.40319193661112795	0.8763030517708299
24.0	0.05673256222531198	0.40319193661112795	0.8763030517708299
25.0	0.029827064013108636	0.19238938234864247	0.8655918154545788
26.0	0.008506978800054635	0.09737225303491205	0.9195050270516194
27.0	0.01564278796780854	0.1966205741568618	0.9262720452665367
28.0	0.034869888075627395	0.3114630325512272	0.8991924987845149
29.0	0.045149879007600244	0.22366573389637612	0.8314291733808509
30.0	0.04856283294316385	0.2715733258695993	0.8477243769181557
31.0	0.07172201505489643	0.3681837659416927	0.8365555451277016
32.0	0.031079518612474225	0.2087165054002411	0.8701087670815741
33.0	0.007204422146547588	0.05108941054070682	0.8762741369840471
34.0	0.05006407347414644	0.15346782586013327	0.7532917842280956
35.0	0.09110379315167648	0.3621233821948295	0.7981155930311261
36.0	0.07407765579223623	0.3768203533140957	0.8350276923659251
37.0	0.005238123308750804	0.03694799784416718	0.87563802401946
38.0	0.010937045686412612	0.07690928923484852	0.8751692910440111
39.0	0.07421019206754863	0.43802215170385944	0.8548733989923786
40.0	0.08991714799404137	0.3553007106497557	0.7974225080507471
41.0	0.009654364655958493	0.03235687685620242	0.7695304366927672
42.0	0.1020184565652163	0.3085814746764975	0.7510103368380942
43.0	0.06338112894818206	0.22963734425476443	0.7831464351084796
44.0	0.06348603630624708	0.2314674548825637	0.7841421092023776
45.0	0.08376865133084364	0.35454476037230276	0.8082848898864298
46.0	0.07542061295360325	0.33220561271021437	0.8145175055290065
47.0	0.12645320340618488	0.21290813413608958	0.626548753311923
48.0	0.08864653640985493	0.1857249879531711	0.6756209219819337
49.0	0.05773522636853151	0.42593624740294106	0.8803034247314692
50.0	0.016231578615028407	0.1517798867740722	0.903226392338092
51.0	0.06924909268133335	0.4393202879609601	0.8635748391103075
52.0	0.07066487944312402	0.43943756901728537	0.8612251540339143
53.0	0.03860437068995084	0.2142669024864559	0.8468338502590818
54.0	0.06963341391272852	0.38874919418412157	0.8477411581481629
55.0	0.0701424228604885	0.3731886381865159	0.8414299927068037
56.0	0.06340661500208102	0.30554529445286166	0.827570177911766
57.0	0.00462761174526531	0.04572349698385481	0.9078084027475115
58.0	0.041997868700884275	0.3167905617863561	0.8826675487193448
59.0	0.0926703230887652	0.29586827219912876	0.7604696231416036
60.0	0.009807587945600967	0.0961994523017953	0.9073007615872667
61.0	0.05862464461289341	0.33131125981912296	0.8493019169076071
62.0	0.08754704732820383	0.3441324732277757	0.796337410123423
63.0	0.07535703331232065	0.44670843178405545	0.8552800032892199
64.0	0.034728532462380834	0.20934929729627988	0.8574012435001133
65.0	0.06540042869746678	0.4106080377631771	0.8622161505178807
66.0	0.030742355485446755	0.1692547707493545	0.8457795435573787
67.0	0.04834517278335983	0.2887150803038796	0.8560580427456254
68.0	0.06290650746598839	0.3623997751450559	0.8517753011362486
69.0	0.032189532367512604	0.17156872906987022	0.8417783263683566
70.0	0.06710999342426656	0.5100191582857143	0.8834420249564894
71.0	0.06489399260468776	0.37179367419311987	0.8511657453952223
72.0	0.06489399260468776	0.37179367419311987	0.8511657453952223
73.0	0.06489399260468776	0.37179367419311987	0.8511657453952223
74.0	0.06466650849208236	0.462118374538297	0.8769367431321955
75.0	0.1035281783007085	0.2948580429187291	0.7395248633650852
76.0	0.07880946764722468	0.4668140969183178	0.8551492361414278
77.0	0.06010093455947932	0.46322236227747776	0.885017917642599
78.0	0.00763284864090383	0.07616750032856756	0.9087799645364412
79.0	0.016836066558025765	0.0707471909872824	0.8071837463577904
80.0	0.0285003276793286	0.24338763933647609	0.8948685649477736
81.0	0.024709300179965803	0.2017545093118065	0.8906843944238159
82.0	0.035434806436300315	0.1865826406514942	0.8400379497015099
83.0	0.015898689638823255	0.20229842704175455	0.9270711761084891
84.0	0.060058845398947625	0.34612745277713775	0.8517094240131718
85.0	0.05483673327695577	0.30254865766510225	0.8459431488456753
86.0	0.05507351507246493	0.30248431691946304	0.8456567564801062
87.0	0.09864070323295893	0.37366136321755516	0.7905293169505384
88.0	0.040268726931884866	0.1909960165125446	0.8249274636460533
89.0	0.052068485511466804	0.3414901079952655	0.8673850947328351
90.0	0.06261455605924121	0.4070044443865129	0.8664128712099937
91.0	0.04482511334307493	0.3474822113752129	0.8854873904942446
92.0	0.04237930914573374	0.25217802364992115	0.8555899867130685
93.0	0.04804315998218955	0.3097322119950005	0.8654141681073801
94.0	0.018145248984452328	0.1574152973959694	0.8964111200179794
95.0	0.032754187607206414	0.3211626124344036	0.9073086898241963
96.0	0.09275162396579974	0.36158005382849573	0.7950823757217349
97.0	0.02417440371774138	0.2215139057433916	0.9014741689719625
98.0	0.05215652328729628	0.47879864943042333	0.9015947090269273
99.0	0.02774224657705054	0.1806878590976392	0.8667004949121536
100.0	0.02774224657705054	0.1806878590976392	0.8667004949121536
101.0	0.02775274553289637	0.18562088820664827	0.8697483389571106
102.0	0.061371886333450684	0.47804349176982974	0.8860505352805282
103.0	0.01596080389572307	0.12314991173839776	0.884954889825074
104.0	0.017588592661544663	0.12267315588700906	0.87434661985119
105.0	0.05295958652347322	0.3889292856485196	0.8798880778418995
106.0	0.024535913861356663	0.19317977620577334	0.8869858191822662
107.0	0.044249631175771346	0.4639562917935591	0.9128864027103843
108.0	0.04082273657526816	0.2931522999149202	0.8775761331168079
109.0	0.039785310871899175	0.2937020421941815	0.8805266639331485
110.0	0.05170346736721696	0.4139527312600325	0.888782355699183
111.0	0.07105021058209252	0.4233457940360446	0.8559071843484712
112.0	0.06942105528153474	0.4135228191136	0.855809889780984
113.0	0.06007066513039172	0.483384557025179	0.8891716240471452
114.0	0.06007066513039172	0.483384557025179	0.8891716240471452
115.0	0.03170582868158814	0.2029495098556695	0.8644696716200752
116.0	0.059864488609135104	0.4753593513513086	0.8879359155479591
117.0	0.059864488609135104	0.4753593513513086	0.8879359155479591
118.0	0.06501038300246005	0.34468182300577865	0.8407695573259959
119.0	0.048797521510161423	0.2230662059165399	0.8200825490127625
120.0	0.05923290872573853	0.2991714555025023	0.8341814102639424
121.0	0.02230265001999216	0.11737108947175556	0.8398223124011708
122.0	0.0194564726357348	0.11435775445066179	0.8541905674692041
123.0	0.02202124626748261	0.12936643510452292	0.8541477318468852
124.0	0.01468483552429826	0.11942198849205599	0.8903082671375074
125.0	0.016945344229694445	0.11113550983536565	0.867515729699036
126.0	0.08436501085571943	0.33131680130162666	0.7963574499302659
127.0	0.07728492859005921	0.28930044577577296	0.7885184427290979
128.0	0.01611946543725209	0.12370015194123546	0.8844407986761098
129.0	0.07310728344134994	0.30335254639606746	0.8048600017141918
130.0	0.033303985986858596	0.2373122150871462	0.8765262196468131
131.0	0.06808741351589559	0.4011122927051865	0.8545479620911212
132.0	0.06435909563303006	0.43977038555806264	0.8720763760063464
133.0	0.034292971222661416	0.22842167556191073	0.8692388648148607
134.0	0.06191352209635085	0.3535126023213918	0.8505185265381829
135.0	0.07357546242326497	0.4057879018162201	0.8462699255068725
136.0	0.05398691010288895	0.3373145812714269	0.8617801417296063
137.0	0.04518672130815688	0.3464694123038761	0.8845073408806188
138.0	0.06847002932243056	0.42688539430359657	0.8615061581969427
139.0	0.05912485719472172	0.4714622565945073	0.8883710501488881
140.0	0.047284026265144365	0.3436835607367812	0.8786883927955675
141.0	0.051143977034836904	0.3565055894957242	0.8743102322078331
142.0	0.04706660704407838	0.3446683344314876	0.8795125108430462
143.0	0.04067902038618924	0.22888119955549666	0.8487455677968175
144.0	0.04067902038618924	0.22888119955549666	0.8487455677968175
145.0	0.04383967002667485	0.16919473808519192	0.7933321569947708
146.0	0.05014982814341784	0.4560202395810741	0.9008241520671222
147.0	0.04607623504102234	0.32943854868285427	0.8771213233291836
148.0	0.0455269034951925	0.4143746436987494	0.9008800777724328
149.0	0.0677284423001111	0.4457878631632477	0.8676834346413372
150.0	0.06548214208334693	0.447414529718321	0.8720875807905776
151.0	0.05209240312129263	0.2699469641617869	0.8375696043069797
152.0	0.05863566638343036	0.3742972824917895	0.8640620312787521
153.0	0.020015354348346576	0.18511322608654893	0.902237852883586
154.0	0.0443983155880123	0.4184871713979386	0.9039135046419196
155.0	0.04322193101048464	0.4027799878689836	0.9029987534489823
156.0	0.03536343324650085	0.23216945272094372	0.8676689128260163
157.0	0.03306004844605925	0.23690578335462653	0.8772305928740567
158.0	0.03251493650954211	0.2851798477956372	0.8974668346115715
159.0	0.05037861572578553	0.3435463767353269	0.8719339406539034
160.0	0.03812690973095599	0.27564927946478546	0.8782536697804554
161.0	0.027378764091059545	0.24415246347637456	0.8990502157275159
162.0	0.07335406433790922	0.4666659531448738	0.8639559460722708
163.0	0.05808701200596988	0.40668869916605677	0.874545216809951
164.0	0.012558985755778861	0.13180583564118922	0.9128981520311769
