Progeny Sire    Dam     Sex  G   NMPrg NFPrg F        Homo     Phen      Res       Polygene  QTL      
1       0       0       M   0    3     3     0.000000 0.780000 +0.278602 -0.747685 -0.000000 +1.026287
2       0       0       M   0    3     1     0.000000 0.675000 -2.222140 -0.807870 +0.000000 -1.414270
3       0       0       M   0    2     4     0.000000 0.660000 -0.253951 +0.128589 -0.000000 -0.382540
4       0       0       M   0    2     2     0.000000 0.785000 -0.994503 -0.612343 -0.000000 -0.382160
5       0       0       F   0    0     2     0.000000 0.645000 +0.281228 +0.505182 -0.000000 -0.223954
6       0       0       F   0    1     1     0.000000 0.615000 -0.151673 -1.177960 +0.000000 +1.026287
7       0       0       F   0    1     1     0.000000 0.765000 +0.367765 +0.674172 +0.000000 -0.306408
8       0       0       F   0    2     0     0.000000 0.645000 -0.242958 -0.184132 -0.000000 -0.058826
9       0       0       F   0    1     1     0.000000 0.680000 -0.549720 +0.751446 +0.000000 -1.301166
10      0       0       F   0    1     1     0.000000 0.725000 -0.338498 -0.025548 -0.000000 -0.312950
11      0       0       F   0    2     0     0.000000 0.690000 -1.729809 -0.345209 +0.000000 -1.384599
12      0       0       F   0    1     1     0.000000 0.725000 +1.194702 +0.416976 -0.000000 +0.777726
13      0       0       F   0    0     2     0.000000 0.625000 -0.464071 +0.927070 -0.000000 -1.391141
14      0       0       F   0    1     1     0.000000 0.735000 +0.161712 +0.220538 +0.000000 -0.058826
15      1       9       M   1    0     0     0.000000 0.660000 -0.815792 -0.681814 +0.000000 -0.133978
16      1       9       F   1    1     1     0.000000 0.650000 -0.267043 -0.126142 +0.000000 -0.140900
17      1       14      M   1    2     4     0.000000 0.695000 +1.091608 -0.009831 +0.000000 +1.101440
18      1       14      F   1    2     0     0.000000 0.765000 +1.606994 +0.491711 +0.000000 +1.115283
19      1       12      M   1    3     3     0.000000 0.720000 +0.227386 -0.715847 +0.000000 +0.943234
20      1       12      F   1    1     1     0.000000 0.725000 +1.194640 +0.258328 +0.000000 +0.936312
21      3       10      M   1    0     0     0.000000 0.695000 -1.147588 +0.402139 +0.000000 -1.549727
22      3       10      F   1    1     1     0.000000 0.745000 -2.241555 -0.678364 +0.000000 -1.563191
23      3       13      F   1    0     2     0.000000 0.620000 -1.432410 +0.041785 +0.000000 -1.474195
24      3       13      F   1    1     1     0.000000 0.695000 -0.423107 -0.130542 +0.000000 -0.292564
25      3       7       F   1    2     0     0.000000 0.690000 -0.549785 -0.167245 +0.000000 -0.382540
26      3       7       M   1    3     1     0.000000 0.725000 -0.262288 +0.030656 +0.000000 -0.292944
27      4       11      M   1    0     0     0.000000 0.730000 -1.269231 +0.108447 +0.000000 -1.377678
28      4       11      M   1    2     2     0.000000 0.675000 -2.413084 -1.035407 +0.000000 -1.377678
29      4       5       F   1    0     2     0.000000 0.660000 -1.006552 -0.624392 +0.000000 -0.382160
30      4       5       F   1    1     1     0.000000 0.645000 -1.041680 +0.425593 +0.000000 -1.467273
31      2       6       M   1    0     0     0.000000 0.680000 -0.100087 +0.040813 +0.000000 -0.140900
32      2       6       F   1    1     1     0.000000 0.640000 +0.591174 +0.666207 +0.000000 -0.075033
33      2       8       M   1    0     0     0.000000 0.725000 -0.950016 -0.785007 +0.000000 -0.165009
34      2       8       M   1    0     0     0.000000 0.715000 -0.601156 +0.647986 +0.000000 -1.249142
35      17      22      M   2    0     0     0.000000 0.750000 -0.723318 -0.492442 +0.000000 -0.230876
36      17      22      F   2    1     1     0.000000 0.775000 -0.987203 -0.673274 +0.000000 -0.313929
37      17      16      F   2    1     1     0.125000 0.760000 -0.546578 -0.570805 +0.000000 +0.024228
38      17      16      M   2    3     3     0.125000 0.745000 +0.471405 +0.702281 +0.000000 -0.230876
39      17      29      F   2    2     0     0.000000 0.675000 -0.273912 +0.033095 +0.000000 -0.307007
40      17      29      F   2    1     1     0.000000 0.650000 -0.253475 -0.029521 +0.000000 -0.223954
41      19      30      F   2    0     2     0.000000 0.735000 -1.021682 -0.632600 +0.000000 -0.389082
42      19      30      M   2    3     1     0.000000 0.750000 +0.155480 +0.455566 +0.000000 -0.300086
43      19      20      M   2    0     0     0.250000 0.895000 +1.223296 +0.197989 +0.000000 +1.025308
44      19      20      F   2    1     1     0.250000 0.785000 +0.175910 -0.602196 +0.000000 +0.778106
45      19      24      F   2    1     1     0.000000 0.650000 +0.961335 -0.071874 +0.000000 +1.033209
46      19      24      M   2    1     3     0.000000 0.690000 -0.114963 +0.260654 +0.000000 -0.375618
47      28      23      F   2    1     1     0.000000 0.735000 +0.098695 +1.648042 +0.000000 -1.549347
48      28      23      F   2    1     1     0.000000 0.755000 -2.511654 -0.879253 +0.000000 -1.632401
49      28      25      M   2    0     0     0.000000 0.715000 -1.806986 -0.429308 +0.000000 -1.377678
50      28      25      M   2    0     0     0.000000 0.645000 -0.147727 -0.006827 +0.000000 -0.140900
51      26      18      M   2    0     0     0.000000 0.620000 -0.255785 -0.038373 +0.000000 -0.217412
52      26      18      M   2    3     3     0.000000 0.615000 -0.451250 -0.323814 +0.000000 -0.127437
53      26      32      F   2    1     1     0.000000 0.695000 -1.566047 -0.264502 +0.000000 -1.301546
54      26      32      M   2    0     0     0.000000 0.635000 +1.476355 +0.542787 +0.000000 +0.933568
55      38      53      M   3    2     4     0.000000 0.675000 -1.527644 -0.054049 +0.000000 -1.473595
56      38      53      F   3    1     1     0.000000 0.670000 +0.214445 +0.438779 +0.000000 -0.224334
57      38      44      M   3    0     0     0.125000 0.795000 +0.160717 -0.775595 +0.000000 +0.936312
58      38      44      F   3    1     1     0.125000 0.715000 -0.454277 -0.230323 +0.000000 -0.223954
59      38      36      F   3    0     2     0.156250 0.795000 +2.040012 +1.186754 +0.000000 +0.853258
60      38      36      M   3    0     0     0.156250 0.755000 -1.778603 -0.215413 +0.000000 -1.563191
61      52      47      F   3    2     0     0.031250 0.720000 +0.176145 +0.393177 +0.000000 -0.217032
62      52      47      M   3    0     0     0.031250 0.745000 -0.559034 +0.900718 +0.000000 -1.459752
63      52      37      F   3    1     1     0.093750 0.685000 +1.749165 +0.557750 +0.000000 +1.191415
64      52      37      M   3    0     0     0.093750 0.625000 -0.732602 -0.605166 +0.000000 -0.127437
65      52      40      F   3    1     1     0.062500 0.695000 -2.293194 -1.073722 +0.000000 -1.219472
66      52      40      M   3    2     2     0.062500 0.760000 -0.374357 -0.068329 +0.000000 -0.306028
67      42      39      M   3    3     3     0.093750 0.655000 -0.231254 +0.068832 +0.000000 -0.300086
68      42      39      M   3    3     1     0.093750 0.725000 -0.245051 +0.220162 +0.000000 -0.465214
69      42      48      M   3    0     0     0.031250 0.675000 -2.041350 -1.576136 +0.000000 -0.465214
70      42      48      F   3    1     1     0.031250 0.660000 -2.459068 -0.991795 +0.000000 -1.467273
71      46      45      M   3    0     0     0.250000 0.750000 +2.169458 +1.212761 +0.000000 +0.956697
72      46      45      F   3    1     1     0.250000 0.785000 +0.105868 -0.850829 +0.000000 +0.956697
73      46      41      F   3    0     2     0.125000 0.755000 -0.546145 -0.074009 +0.000000 -0.472135
74      46      41      F   3    2     0     0.125000 0.705000 +0.349869 -0.435159 +0.000000 +0.785027
75      67      70      F   4    0     2     0.164062 0.710000 +0.198864 +0.498950 +0.000000 -0.300086
76      67      70      M   4    0     0     0.164062 0.695000 -0.947276 +0.354870 +0.000000 -1.302145
77      67      58      M   4    0     0     0.117188 0.685000 +0.070416 -0.961813 +0.000000 +1.032229
78      67      58      F   4    2     0     0.117188 0.745000 -0.992538 -0.520403 +0.000000 -0.472135
79      67      72      F   4    1     1     0.078125 0.700000 +0.114818 +0.408362 +0.000000 -0.293544
80      67      72      M   4    4     0     0.078125 0.630000 +0.095748 -0.771353 +0.000000 +0.867102
81      55      61      M   4    0     0     0.062500 0.715000 -1.153496 -0.854010 +0.000000 -0.299486
82      55      61      M   4    3     1     0.062500 0.640000 -1.545177 -0.160578 +0.000000 -1.384599
83      55      59      F   4    1     1     0.187500 0.780000 -0.198097 +0.032778 +0.000000 -0.230876
84      55      59      F   4    2     0     0.187500 0.670000 -0.360928 +0.028533 +0.000000 -0.389461
85      55      73      F   4    2     0     0.039062 0.635000 -0.303948 +0.085133 +0.000000 -0.389082
86      55      73      F   4    1     1     0.039062 0.825000 -1.960038 -0.403769 +0.000000 -1.556269
87      68      65      F   4    0     2     0.109375 0.670000 +0.088821 +0.299312 +0.000000 -0.210490
88      68      65      M   4    0     0     0.109375 0.820000 -1.987921 -0.513726 +0.000000 -1.474195
89      68      74      M   4    2     4     0.125000 0.670000 +0.906403 +0.121376 +0.000000 +0.785027
90      68      74      M   4    1     5     0.125000 0.750000 -0.858915 -0.476755 +0.000000 -0.382160
91      66      56      M   4    0     0     0.093750 0.745000 +0.544774 -0.232952 +0.000000 +0.777726
92      66      56      F   4    0     2     0.093750 0.675000 -0.474739 -0.250785 +0.000000 -0.223954
93      66      63      M   4    0     0     0.203125 0.615000 -0.978924 -0.838023 +0.000000 -0.140900
94      66      63      F   4    1     1     0.203125 0.730000 -0.559674 -0.425695 +0.000000 -0.133978
95      90      87      F   5    0     0     0.208984 0.735000 -0.053168 +0.240376 +0.000000 -0.293544
96      90      87      F   5    0     0     0.208984 0.685000 -1.235579 +0.142099 +0.000000 -1.377678
97      90      83      M   5    0     0     0.060547 0.765000 +1.042993 +0.264887 +0.000000 +0.778106
98      90      83      F   5    0     0     0.060547 0.670000 -0.081402 +0.225606 +0.000000 -0.307007
99      90      92      F   5    0     0     0.064453 0.815000 -0.840633 -0.368497 +0.000000 -0.472135
100     90      92      F   5    0     0     0.064453 0.760000 +1.177685 +0.399579 +0.000000 +0.778106
101     89      94      F   5    0     0     0.074219 0.775000 +1.091177 +0.223096 +0.000000 +0.868081
102     89      94      M   5    0     0     0.074219 0.730000 +1.795790 +0.762582 +0.000000 +1.033209
103     89      86      M   5    0     0     0.132812 0.710000 +0.208292 +0.597374 +0.000000 -0.389082
104     89      86      F   5    0     0     0.132812 0.760000 -0.595178 -0.213019 +0.000000 -0.382160
105     89      75      F   5    0     0     0.175781 0.710000 -0.753995 -0.453909 +0.000000 -0.300086
106     89      75      F   5    0     0     0.175781 0.770000 -0.233356 +0.066730 +0.000000 -0.300086
107     82      85      M   5    0     0     0.162109 0.680000 -2.018819 -0.552145 +0.000000 -1.466673
108     82      85      M   5    0     0     0.162109 0.675000 -2.329560 -0.944960 +0.000000 -1.384599
109     82      79      F   5    0     0     0.050781 0.710000 -0.370232 +0.938835 +0.000000 -1.309067
110     82      79      M   5    0     0     0.050781 0.675000 -1.046733 +0.159275 +0.000000 -1.206008
111     80      78      M   5    0     0     0.216797 0.740000 +0.433793 +0.905928 +0.000000 -0.472135
112     80      78      M   5    0     0     0.216797 0.665000 +0.739159 -0.121021 +0.000000 +0.860180
113     80      84      M   5    0     0     0.064453 0.670000 +0.203253 -0.663469 +0.000000 +0.866722
114     80      84      M   5    0     0     0.064453 0.690000 +0.454426 -0.405754 +0.000000 +0.860180
