ID       Genotypes (paternal allele, maternal allele) ...
1        2 1 1 1 1 1 2 2 1 1 1 1 2 1 2 2 1 1 1 1
2        1 2 1 1 2 2 2 2 1 1 1 2 2 1 2 2 1 1 1 1
3        1 1 1 1 1 2 2 1 1 1 1 1 1 2 2 1 1 1 1 1
4        1 1 1 1 1 2 2 1 1 1 1 1 2 2 2 2 1 1 1 1
5        1 2 1 1 1 2 2 1 1 1 1 1 1 2 2 2 1 1 1 1
6        2 1 1 1 1 1 2 2 1 1 1 1 1 2 2 2 1 1 1 1
7        1 1 1 1 2 1 2 2 1 1 1 1 1 1 1 2 1 1 1 1
8        2 2 1 1 2 1 2 1 1 1 1 1 2 1 2 2 1 1 1 1
9        1 2 1 1 2 2 2 2 1 1 1 1 2 2 2 2 1 1 1 1
10       1 1 1 1 2 1 2 2 1 1 1 1 1 1 2 2 1 1 1 1
11       1 2 1 1 2 2 2 1 1 1 1 1 2 1 1 2 1 1 1 1
12       1 1 1 1 1 1 2 1 1 1 1 1 1 1 1 2 1 1 1 1
13       1 2 1 1 2 2 2 1 1 1 1 1 2 1 2 2 1 1 1 1
14       2 2 1 1 2 1 2 1 1 1 1 1 2 1 2 2 1 1 1 1
15       2 1 1 1 1 2 2 2 1 1 1 1 2 2 2 2 1 1 1 1
16       2 1 1 1 1 2 2 2 1 1 1 1 1 2 2 2 1 1 1 1
17       2 2 1 1 1 1 2 1 1 1 1 1 1 1 2 2 1 1 1 1
18       2 2 1 1 1 1 2 1 1 1 1 1 2 2 2 2 1 1 1 1
19       2 1 1 1 1 1 2 1 1 1 1 1 2 1 2 2 1 1 1 1
20       2 1 1 1 1 1 2 1 1 1 1 1 1 1 2 2 1 1 1 1
21       1 1 1 1 2 2 1 2 1 1 1 1 2 1 1 2 1 1 1 1
22       1 1 1 1 2 2 1 2 1 1 1 1 1 1 2 2 1 1 1 1
23       1 2 1 1 2 2 1 1 1 1 1 1 1 2 2 2 1 1 1 1
24       1 1 1 1 1 2 2 2 1 1 1 1 2 2 1 2 1 1 1 1
25       1 1 1 1 2 1 1 2 1 1 1 1 2 1 1 2 1 1 1 1
26       1 1 1 1 1 2 2 2 1 1 1 1 2 1 1 1 1 1 1 1
27       1 2 1 1 2 2 1 2 1 1 1 1 2 2 2 1 1 1 1 1
28       1 2 1 1 2 2 1 2 1 1 1 1 2 2 2 1 1 1 1 1
29       1 1 1 1 2 1 1 2 1 1 1 1 2 2 2 2 1 1 1 1
30       1 2 1 1 2 2 1 1 1 1 1 1 2 2 2 2 1 1 1 1
31       2 1 1 1 2 1 2 2 1 1 1 1 2 1 2 2 1 1 1 1
32       2 2 1 1 2 1 2 2 1 1 2 1 2 2 2 2 1 1 1 1
33       2 2 1 1 2 1 2 1 1 1 2 1 2 1 2 2 1 1 1 1
34       2 2 1 1 2 2 2 2 1 1 2 1 2 1 2 2 1 1 1 1
35       2 1 1 1 1 2 2 1 1 1 1 1 1 1 2 2 1 1 1 1
36       2 1 1 1 1 2 1 1 1 1 1 1 1 1 2 2 1 1 1 1
37       2 2 1 1 1 2 2 2 1 1 1 1 1 2 2 2 1 1 1 1
38       2 1 1 1 1 2 1 2 1 1 1 1 1 1 2 2 1 1 1 1
39       2 1 1 1 1 2 1 1 1 1 1 1 1 2 2 2 1 1 1 1
40       2 1 1 1 1 2 2 1 1 1 1 1 1 2 2 2 1 1 1 1
41       1 1 1 1 1 2 2 1 1 1 1 1 1 2 2 2 1 1 1 1
42       1 2 1 1 1 2 1 1 1 1 1 1 2 2 2 2 1 1 1 1
43       2 2 1 1 1 1 1 1 1 1 1 1 2 1 2 2 1 1 1 1
44       1 1 1 1 1 1 2 1 1 1 1 1 2 1 2 2 1 1 1 1
45       2 1 1 1 1 1 2 2 1 1 1 1 2 2 2 2 1 1 1 1
46       1 1 1 1 1 2 1 2 1 1 1 1 2 2 2 1 1 1 1 1
47       1 1 1 1 2 2 2 1 1 1 1 1 2 2 2 2 1 1 1 1
48       1 1 1 1 2 2 1 1 1 1 1 1 2 2 2 2 1 1 1 1
49       2 1 1 1 2 2 2 1 1 1 1 1 2 2 2 1 1 1 1 1
50       2 1 1 1 2 1 2 2 1 1 1 1 2 1 2 2 1 1 1 1
51       1 2 1 1 2 1 2 1 1 1 1 1 1 2 1 2 1 1 1 1
52       1 2 1 1 2 1 2 2 1 1 1 1 2 2 1 2 1 1 1 1
53       1 2 1 1 2 2 2 2 1 1 1 1 1 2 1 2 1 1 1 1
54       1 2 1 1 1 1 2 2 1 1 1 2 2 2 1 2 1 1 1 1
55       1 1 1 1 2 2 2 2 1 1 1 1 1 1 2 1 1 1 1 1
56       2 1 1 1 1 2 1 2 1 1 1 1 1 1 2 1 1 1 1 1
57       2 1 1 1 1 1 1 2 1 1 1 1 1 1 2 2 1 1 1 1
58       2 1 1 1 2 1 2 1 1 1 1 1 1 2 2 2 1 1 1 1
59       1 2 1 1 1 1 1 1 1 1 1 1 1 1 2 2 1 1 1 1
60       1 1 1 1 2 2 2 1 1 1 1 1 1 1 2 2 1 1 1 1
61       2 1 1 1 1 2 2 1 1 1 1 1 2 2 2 2 1 1 1 1
62       1 1 1 1 2 2 2 2 1 1 1 1 2 2 1 2 1 1 1 1
63       2 2 1 1 1 1 2 2 1 1 1 1 2 1 2 2 1 1 1 1
64       1 2 1 1 1 2 2 2 1 1 1 1 2 2 1 2 1 1 1 1
65       2 2 1 1 2 2 2 1 1 1 1 1 2 1 1 2 1 1 1 1
66       1 1 1 1 2 1 2 2 1 1 1 1 2 1 2 2 1 1 1 1
67       2 1 1 1 2 1 1 1 1 1 1 1 2 2 2 2 1 1 1 1
68       1 1 1 1 2 1 1 1 1 1 1 1 2 2 2 2 1 1 1 1
69       1 1 1 1 1 2 1 1 1 1 1 1 2 2 2 2 1 1 1 1
70       2 1 1 1 2 2 1 1 1 1 1 1 2 2 2 2 1 1 1 1
71       1 2 1 1 1 1 1 2 1 1 1 1 2 2 1 2 1 1 1 1
72       1 2 1 1 1 1 1 2 1 1 1 1 2 2 1 2 1 1 1 1
73       1 1 1 1 1 2 1 1 1 1 1 1 2 1 2 2 1 1 1 1
74       1 1 1 1 1 1 1 2 1 1 1 1 2 2 2 2 1 1 1 1
75       1 2 1 1 1 2 1 1 1 1 1 1 2 2 2 2 1 1 1 1
76       2 2 1 1 2 2 1 1 1 1 1 1 2 2 2 2 1 1 1 1
77       2 2 1 1 1 1 1 1 1 1 1 1 2 2 2 2 1 1 1 1
78       1 1 1 1 2 1 1 1 1 1 1 1 2 1 2 2 1 1 1 1
79       1 2 1 1 2 1 1 1 1 1 1 1 2 2 2 1 1 1 1 1
80       2 1 1 1 1 1 1 1 1 1 1 1 2 2 2 2 1 1 1 1
81       1 1 1 1 2 1 2 2 1 1 1 1 1 2 1 2 1 1 1 1
82       1 2 1 1 2 2 2 1 1 1 1 1 1 2 1 2 1 1 1 1
83       1 2 1 1 2 1 2 1 1 1 1 1 1 1 2 2 1 1 1 1
84       1 1 1 1 2 1 2 1 1 1 1 1 1 1 1 2 1 1 1 1
85       1 1 1 1 2 1 2 1 1 1 1 1 1 2 2 2 1 1 1 1
86       1 1 1 1 2 2 2 1 1 1 1 1 1 2 2 2 1 1 1 1
87       1 2 1 1 1 2 1 2 1 1 1 1 2 2 2 1 1 1 1 1
88       1 2 1 1 2 2 1 1 1 1 1 1 2 1 2 2 1 1 1 1
89       1 1 1 1 1 1 1 2 1 1 1 1 2 2 2 2 1 1 1 1
90       1 1 1 1 2 1 1 2 1 1 1 1 2 2 2 2 1 1 1 1
91       1 1 1 1 1 1 2 1 1 1 1 1 1 1 2 1 1 1 1 1
92       1 2 1 1 2 1 2 1 1 1 1 1 2 1 2 2 1 1 1 1
93       1 2 1 1 2 1 2 2 1 1 1 1 1 2 2 2 1 1 1 1
94       1 2 1 1 2 1 2 2 1 1 1 1 2 2 2 2 1 1 1 1
95       1 2 1 1 2 1 1 1 1 1 1 1 2 2 2 1 1 1 1 1
96       1 2 1 1 2 2 1 2 1 1 1 1 2 2 2 1 1 1 1 1
97       1 1 1 1 1 1 2 1 1 1 1 1 2 1 2 2 1 1 1 1
98       1 2 1 1 2 1 1 1 1 1 1 1 2 1 2 2 1 1 1 1
99       1 1 1 1 2 1 1 1 1 1 1 1 2 1 2 2 1 1 1 1
100      1 1 1 1 1 1 2 1 1 1 1 1 2 1 2 2 1 1 1 1
101      1 1 1 1 1 1 2 2 1 1 1 1 2 2 2 2 1 1 1 1
102      1 2 1 1 1 1 2 2 1 1 1 1 2 2 2 2 1 1 1 1
103      1 1 1 1 1 2 1 2 1 1 1 1 2 1 2 2 1 1 1 1
104      1 1 1 1 1 2 2 1 1 1 1 1 2 2 2 2 1 1 1 1
105      1 2 1 1 1 2 1 1 1 1 1 1 2 2 2 2 1 1 1 1
106      1 2 1 1 1 2 1 1 1 1 1 1 2 2 2 2 1 1 1 1
107      1 1 1 1 2 2 2 2 1 1 1 1 1 2 1 2 1 1 1 1
108      2 1 1 1 2 2 1 2 1 1 1 1 1 2 1 2 1 1 1 1
109      2 2 1 1 2 2 1 1 1 1 1 1 1 2 2 2 1 1 1 1
110      2 2 1 1 2 2 2 1 1 1 1 1 2 2 1 1 1 1 1 1
111      1 1 1 1 1 2 1 1 1 1 1 1 2 1 2 2 1 1 1 1
112      2 1 1 1 1 1 1 1 1 1 1 1 2 1 2 2 1 1 1 1
113      2 1 1 1 1 1 1 1 1 1 1 1 2 1 2 1 1 1 1 1
114      2 1 1 1 1 1 1 1 1 1 1 1 2 1 2 2 1 1 1 1
