
------------------- Inbreeding -------------------
                     Inbred          All
Gen.        No.     Mean     SD     Mean     SD
0             0   0.0000 0.0000   0.0000 0.0000
1             0   0.0000 0.0000   0.0000 0.0000
2             4   0.1875 0.0722   0.0375 0.0821
3            18   0.1076 0.0663   0.0969 0.0709
4            20   0.1180 0.0521   0.1180 0.0521
5            20   0.1211 0.0640   0.1211 0.0640
Overall      62   0.1205 0.0628   0.0655 0.0759

------------------ Homozygosity ------------------
Gen.                  Mean                SD
0               0.69642857        0.05668498
1               0.69275000        0.03874597
2               0.71375000        0.06884145
3               0.71725000        0.04943031
4               0.70525000        0.05945974
5               0.71950000        0.04388682
Overall         0.70807018        0.05339993

------------------- Phenotype --------------------
Gen.                  Mean                SD
0              -0.33309373        0.87221836
1              -0.49047856        1.05823452
2              -0.30490523        0.98241903
3              -0.31384497        1.31332822
4              -0.51509133        0.78731427
5              -0.12060420        1.06574172
Overall        -0.34703332        1.02057002

Polygenic variance is zero.

---------------------- QTL -----------------------
Gen.                  Mean                SD
0              -0.31332420        0.85141708
1              -0.39843219        0.92139608
2              -0.24618643        0.78996620
3              -0.21526536        0.91575201
4              -0.28606379        0.75160396
5              -0.18078383        0.88399463
Overall        -0.27123834        0.83886228

-------------------- Residual --------------------
Gen.                  Mean                SD
0              -0.01976953        0.65017069
1              -0.09204637        0.50982006
2              -0.05871880        0.59271358
3              -0.09857961        0.75469838
4              -0.22902754        0.44762142
5               0.06017964        0.52369395
Overall        -0.07579497        0.57877741

-------------------------------------------- Structure ---------------------------------------------
Gen.     Progeny    Male%     Male Selected   Female Selected     Sire   Culled      Dam   Culled
0             14 0.285714        4        0       10        0        0        0        0        0
1             20 0.500000       10        4       10       10        4        4       10       10
2             20 0.500000       10        4       10       10        4        4       10       10
3             20 0.500000       10        4       10       10        4        4       10       10
4             20 0.500000       10        4       10       10        4        4       10       10
5             20 0.500000       10        0       10        0        4        0       10        0
Overall      114 0.473684       54       16       60       40       20       16       50       40
