State vector for MT19937:
  1655137569   3305702817    268495596   3397974815   3828420112   2926033028   3830809316   3776660522
  2421871925   2557578684   4057569792   1482317370   2947661907   3745724674    168691315    706811502
  1494267766   1309151492   2909627403   2129676448   2484195481    199704636   2235593666    983526103
   284374507   1966868688   3407762319   3061899863    105629861    583628342   2369292652    584849029
  1116016537     16744217    629179903   3512947902   3518272437    826584307   1867204357   3536857275
  1324517568    438713678   1560735216   2527648064   2511341878   1942779313   2457181854   3767340987
   588819400    522309145   2387652879   2817576788    340841250   1657699999   2609676940    170885181
  2919841097   3967766992   2982818681   2796561090   4183193084   1916470488   1422920411    265876033
  1711496421   3326454325   4044164496   2037319234   3271316403   2149987509   2789849977    348703438
   459424142    364567375   3846098293   1945449945   2457261700   3344587051   1349752086   1610883426
  3308529503   2586297245   2260288781   2222343742   3387150848   2488956548   3066591540   2121250981
  3898580236   2016345668   2692759187   3591063696   2085571931   2435100383   3910681231   3556978075
  3083818328   3337606883    918398658   2120129773   1472345472   1892164938   1140382205   1136254163
  3510534466   4120627214    954196619    375243842    919847030   4274263291   2774335046   2778641731
  2808368149   2146129028   3551954411   3187932411    281218993    439478858   2887322024   1202899593
  3785666592   3174119752   3306828972    240218246   3607305050   3377163162   1149588699   2902008961
  3597304623   3194768605   1140239229   3531277423   2396687136   1989940975   1549560428   3395637896
  4176671839   3139675349    505944157   1097228860     60975005   1775298174   1815996329    184372695
  3111699811    535677142   2669986560   2733310557    798344975   3003617408   2044696032   3247606620
  2936001555   3957507150   1168091131   4172812349    989959954   3673636023   1274234786   3787882222
  3250055457   2436902155   2913637935   3857077604   3244609863   2845832313    424560685   3585970024
  3581335775   2415217525   1433040285   3006587703   2481455509   1115910208    313856851   3557624686
  4030584753   3736230891   3001379642   3916187083   1367838876   3878359974   1728384463   2718150909
  1344687187   3425828627    178860554   1456347309   3342321816   1402607844   3177275415   1349068296
  3574977357   1859329159     53999520   2113491683   3169232366    255771361   3660860555   2337208943
   254288585    888294166   3814745720   4248650322   2917106625    352802748   4026350074   3569164556
  1622676155   2780491315   2609853223     65076076   1581514352    890559594   3658854568   2663855950
  3561258452   2336142764   3736718464    693422986   2015832142   3392024328   1756525365   3833219171
   261746368    264237729   2113528679   2920435233   1610518451    540210207   3113740321   2703118774
  4137390316   1450776116   3793428691   1593000699   4054267790   3566100622    766676367   3357303130
  1488587277   3877266349   1854108312   2690586704   1808169806   1886711328   1618517243   1584249241
   751079920    423036073   3503442087    408055215   2298539527    719427062   2247807244   3040278917
  2968171075   2982419878    364410550   1346911441   3199946516   4006804147   1010112630   2655243669
   216460443   2281131312    826226628   2032461151   2011155746   1879616220   3202789183   1266010400
   973210645   4019051098   4047488815   1374953839   1295454074   1046409116   3337815458   2672517788
  2329311086   1618602677   2845830686   3578392103   1771583824   3706844946   2519045075   2409966484
  2308405582   3116402717    514280541   4067026644   1412571895   3375854131   1850457622   4080881466
  4247045029   3988719527   1827719390   1754765350     21817231   1412162456   2001513867    283464353
  2451096501   1921197924    227973387   3349038474    661045569   1035798746   3142003000   2428063513
  3526273503   1515438341   1819429838   1515368678    765225823   3083154616   4078655648   3165533326
   716023932   2970736173    384936141   2051559204   3068463069     78345024   3205609862   2699155035
  3174970213   3470616556   3313625493    492597113    628014345   4279854810   2566829547   4046878524
   654754859   2245224776    147268996   3225514599    818259656   4088649277   1733080524   1126789176
  3388393685   2243019719   1464445715    572203381   1070518661   2975586262   1988664322   1735928206
  2542726603   2502124206    158858046   4168896217   2939406182   2027827161    103512478   2928577213
  2243294659   1167409038   1674484693   2763255823   1389341581   2408618921   1829301989   2224702819
  2980399541   3265922468   1705745237   2720021911   3267365437    183581163    580361773    414350904
  1467991440   2031783086   2844535173   4248216254   1389386509   3124844857   3374696645   2579770781
  4196997179   4189357977   3456166724    657904518    545139554   3735851311   3153712098    655587559
  2561889195   3424941110   2516924275    718363168   3836981292    158771992    185162246   1510456301
  1544712620   1238855634   2140932817   3859387811   2050664884   2649346814   2215451394   3651053719
  3487283196    857739316   3049142814   3890866855   1213683792   3740283538    231378387   3147096286
  2752935020   1479331591   4121027840    327349970    545244286   3120690523   2961272515   1520237772
   685011849   3261392822   1673677075   3963582405   4203559114   3331979770   2740249067   1455543196
  4194468769   3973948059   2711388074   3769059067   3082926476    647836859   2992300669   3330954450
  3652079917   3413747423   3243152006   1846279476    498025637   4268057558    926966215   3777696834
  3718039653   3638798335   1318790190   3671813966   1312694309    783414265   1603568643   2756389009
   711110343   1139307852   3801579051   3412078483   3277247900   1961713800   2584701147   1897889900
  4230152657   3666287531    649253658   3040621845   3771417319   2067360201   2612708798    480616707
  2610438919   3739647954   4128131151   3261543383   3359631488   3560560780   4020238665    797701649
  2405314453   4173436788    380662485   1625574636   2109223013   2924256601   1978452429   3539848035
   530030280   1380101841   2878097914   1740040387     50833526   2925960827    446318763    812593254
  4153323566   3570309298   1578105031   4258864657   3258876174    420733206   4159083940   3214961626
  2263426608    583718323   2722634905   3388948002   3906612737   3133225671   3457326775   2335372035
  1076652645    791773045   4092586027   3657171403   1238941164   1302447494   2386112329   2783694238
   374643860   3476618349   2408871792   1973232645    727800736    953272365    606015695   2850646714
  2117833896    212801982   2450380808    676960261    567716109   1434691894    117519305   2662269284
  1419060566   3912518764   3918696677   2494055129   3928397187    498761117    857183759    906312970
    16871698   3667017787   3784921146   1257908640   2220922793    888363932   1900913330    915930566
  1496323910   2204053548   2123932240   1028416800   1428293580   2134166286   1374168601   3080839591
  3693237577   3325444707   2374865426   1517630083   2714927486   1505522721   3999199958   1530711360
  2442905053   1282566708   2808956451   1602967104    183030497   2531040770   3885520958    201226064
  3966690512   3858379904   1432737009   1118926067   2453055422   3581397873   4232136768   3007471542
  3427997772    317972596    276931598   1213413841   1735795036    788590846   3410560132   1525418642
  2127419727    161709079   1669940837   3633335239   1809173160   3412879362   2306118587   3021687636
    24101190    812628215    684796621   2986908220    933366482   2390141239   2983272775    389222296
   128287064   1072439833    286775103   4149323070   2236536949   3912505432   4044575053   2487473197
  1821958131   3754352355   1323028682    419628418   2058469558     21232032    868753038   1144000117
